STARTED EXPERIMENT 3
Following PRANDOM policy for 200 steps
Q Table for Experiment3 after PRANDOM
qtable for x=0 with PRANDOM and steps 200
          S             N             E             W             P             D    
(1,1)|  0.000000|  |  0.000000|  |  0.000000|  |  0.000000|  |  3.600000|  |  0.000000|   
(1,2)| -0.300000|  |  0.000000|  |  0.000000|  |  0.000000|  |  0.000000|  |  0.000000|   
(1,3)|  0.000000|  |  0.000000|  |  0.000000|  |  0.000000|  |  0.000000|  |  0.000000|   
(1,4)| -0.300000|  |  0.000000|  | -0.586500|  |  0.000000|  |  0.000000|  |  0.000000|   
(1,5)| -0.300000|  |  0.000000|  |  0.000000|  | -0.744975|  |  0.000000|  |  0.000000|   
(2,1)|  0.000000|  | -0.300000|  |  0.000000|  |  0.000000|  |  0.000000|  |  0.000000|   
(2,2)| -0.300000|  | -0.300000|  | -0.345000|  |  0.000000|  |  0.000000|  |  0.000000|   
(2,3)|  0.000000|  |  0.000000|  |  0.000000|  | -0.510000|  |  0.000000|  |  0.000000|   
(2,4)| -0.561750|  |  0.000000|  |  0.000000|  | -0.300000|  |  0.000000|  |  0.000000|   
(2,5)|  0.000000|  | -0.345000|  |  0.000000|  |  0.000000|  |  0.000000|  |  0.000000|   
(3,1)|  0.000000|  | -0.300000|  |  0.000000|  |  0.000000|  |  0.000000|  |  0.000000|   
(3,2)|  0.000000|  |  0.000000|  | -0.351277|  | -0.300000|  |  0.000000|  |  0.000000|   
(3,3)| -0.408716|  |  0.000000|  | -0.341850|  | -0.352692|  |  9.118800|  |  0.000000|   
(3,4)| -1.167184|  | -0.541500|  | -0.702000|  | -0.279000|  |  0.000000|  |  0.000000|   
(3,5)| -0.300000|  |  0.000000|  |  0.000000|  | -0.952553|  |  0.000000|  |  0.000000|   
(4,1)|  0.000000|  |  0.000000|  |  0.000000|  |  0.000000|  |  6.120000|  |  0.000000|   
(4,2)|  0.000000|  |  0.000000|  |  0.000000|  | -0.300000|  |  0.000000|  |  0.000000|   
(4,3)|  0.000000|  |  0.620640|  | -0.724776|  |  0.000000|  |  0.000000|  |  0.000000|   
(4,4)| -1.030968|  | -1.260589|  | -0.702000|  | -0.453525|  |  0.000000|  |  0.000000|   
(4,5)| -0.300000|  | -0.627268|  |  0.000000|  | -0.541500|  |  0.000000|  |  0.000000|   
(5,1)|  0.000000|  |  0.240000|  | -0.657000|  |  0.000000|  |  0.000000|  |  0.000000|   
(5,2)|  0.000000|  | -0.300000|  | -0.300000|  | -0.376500|  |  0.000000|  |  0.000000|   
(5,3)|  0.000000|  | -0.618716|  | -0.345000|  |  0.000000|  |  0.000000|  |  0.000000|   
(5,4)|  0.000000|  | -0.300000|  | -0.173861|  | -0.561750|  |  0.000000|  |  0.000000|   
(5,5)|  0.000000|  | -0.345000|  |  0.000000|  | -0.586500|  |  8.929215|  |  0.000000|   
qtable for x=1 with PRANDOM and steps 200
          S             N             E             W             P             D    
(1,1)|  0.000000|  |  0.000000|  | -0.300000|  |  0.000000|  |  0.000000|  |  0.000000|   
(1,2)| -0.345000|  |  0.000000|  | -0.300000|  |  0.000000|  |  0.000000|  |  0.000000|   
(1,3)|  0.000000|  |  0.000000|  | -0.510000|  | -0.300000|  |  0.000000|  |  0.000000|   
(1,4)|  0.000000|  |  0.000000|  |  0.000000|  | -0.541500|  |  0.000000|  |  0.000000|   
(1,5)|  0.000000|  |  0.000000|  |  0.000000|  |  0.000000|  |  0.000000|  |  0.000000|   
(2,1)|  0.000000|  |  0.000000|  | -0.345000|  |  0.000000|  |  0.000000|  |  0.000000|   
(2,2)| -0.300000|  | -0.351750|  | -0.300000|  | -0.300000|  |  0.000000|  |  0.000000|   
(2,3)| -0.383250|  |  0.000000|  | -0.345000|  | -0.510000|  |  0.000000|  |  0.000000|   
(2,4)| -0.300000|  |  0.000000|  |  0.000000|  | -0.733500|  |  0.000000|  |  0.000000|   
(2,5)|  0.000000|  |  0.000000|  |  0.000000|  | -0.300000|  |  0.000000|  |  0.000000|   
(3,1)|  0.000000|  |  0.000000|  | -0.541500|  |  0.000000|  |  0.000000|  |  0.000000|   
(3,2)| -0.300000|  |  0.000000|  | -0.345000|  | -0.510000|  |  0.000000|  |  0.000000|   
(3,3)| -0.510000|  |  0.000000|  | -0.826950|  |  0.000000|  |  0.000000|  |  0.000000|   
(3,4)|  2.025125|  | -0.586500|  | -0.300000|  |  0.000000|  |  0.000000|  |  0.000000|   
(3,5)| -0.541500|  | -0.300000|  |  0.000000|  |  0.000000|  |  0.000000|  |  0.000000|   
(4,1)|  0.786000|  |  0.000000|  |  0.000000|  |  0.000000|  |  0.000000|  |  0.000000|   
(4,2)|  0.000000|  | -0.300000|  |  0.000000|  |  0.000000|  |  0.000000|  |  0.000000|   
(4,3)| -0.555000|  |  0.000000|  | -0.300000|  |  0.000000|  |  0.000000|  |  0.000000|   
(4,4)|  0.000000|  |  0.000000|  |  0.000000|  |  0.000000|  |  0.000000|  | 10.663849|   
(4,5)| -0.831150|  | -0.510000|  |  0.000000|  |  0.000000|  |  0.000000|  |  0.000000|   
(5,1)|  0.000000|  |  0.000000|  |  0.000000|  |  0.000000|  |  0.000000|  |  7.920000|   
(5,2)|  0.000000|  |  0.000000|  |  0.000000|  | -0.300000|  |  0.000000|  |  0.000000|   
(5,3)|  0.000000|  | -0.345000|  | -0.331526|  | -0.300000|  |  0.000000|  |  0.000000|   
(5,4)|  0.000000|  |  2.002551|  | -1.023032|  | -0.510000|  |  0.000000|  |  0.000000|   
(5,5)|  0.000000|  | -0.657000|  |  0.000000|  | -0.969802|  |  0.000000|  |  0.000000|   
Pickup blocks left after PRANDOM for Experiment 3 5
Drop blocks after PRANDOM for Experiment 3 10
x is 1
Following PEXPLOIT policy for 5800 steps
Q Table for Experiment 3 after PEXPLOIT
qtable for x=0 with PEXPLOIT and steps 5800
          S             N             E             W             P             D    
(1,1)| -1.865820|  |  0.000000|  | -1.159154|  |  0.000000|  | 11.129247|  |  0.000000|   
(1,2)| -1.251228|  |  0.000000|  | -1.887543|  | -1.333486|  |  0.000000|  |  0.000000|   
(1,3)| -1.814640|  |  0.000000|  | -1.872304|  | -1.888887|  |  0.000000|  |  0.000000|   
(1,4)| -1.894888|  |  0.000000|  | -1.884617|  | -1.884103|  |  0.000000|  |  0.000000|   
(1,5)| -1.917712|  |  0.000000|  |  0.000000|  | -1.918184|  |  0.000000|  |  0.000000|   
(2,1)| -1.784160|  |  1.543492|  | -1.875774|  |  0.000000|  |  0.000000|  |  0.000000|   
(2,2)| -1.869435|  |  1.011455|  | -1.824080|  | -1.870209|  |  0.000000|  |  0.000000|   
(2,3)| -1.869902|  | -1.873643|  | -1.907190|  | -1.243516|  |  0.000000|  |  0.000000|   
(2,4)| -1.908359|  | -1.905577|  | -1.901954|  | -1.900441|  |  0.000000|  |  0.000000|   
(2,5)| -1.899101|  | -1.904388|  |  0.000000|  | -1.911180|  |  0.000000|  |  0.000000|   
(3,1)| -1.869556|  | -0.500364|  | -1.905436|  |  0.000000|  |  0.000000|  |  0.000000|   
(3,2)| -1.895766|  | -1.613604|  | -1.893358|  | -1.901579|  |  0.000000|  |  0.000000|   
(3,3)| -1.896239|  | -1.895303|  | -1.912702|  | -1.903969|  | 11.449769|  |  0.000000|   
(3,4)| -1.916145|  | -1.923144|  | -1.916930|  | -1.915473|  |  0.000000|  |  0.000000|   
(3,5)| -1.904630|  | -1.914969|  |  0.000000|  | -1.910098|  |  0.000000|  |  0.000000|   
(4,1)| -1.685531|  | -1.710174|  | -1.865546|  |  0.000000|  | 13.735276|  |  0.000000|   
(4,2)| -1.909625|  | -1.901074|  | -1.888414|  | -1.864513|  |  0.000000|  |  0.000000|   
(4,3)| -1.903252|  |  0.109877|  | -1.922978|  | -1.890560|  |  0.000000|  |  0.000000|   
(4,4)| -1.845570|  | -1.550528|  | -1.927672|  | -1.932489|  |  0.000000|  |  0.000000|   
(4,5)| -1.927220|  | -1.931149|  |  0.000000|  | -1.618474|  |  0.000000|  |  0.000000|   
(5,1)|  0.000000|  | -1.673133|  | -1.933198|  |  0.000000|  |  0.000000|  |  0.000000|   
(5,2)|  0.000000|  | -1.911104|  | -1.895355|  | -1.903967|  |  0.000000|  |  0.000000|   
(5,3)|  0.000000|  | -1.923967|  | -1.797578|  | -1.894277|  |  0.000000|  |  0.000000|   
(5,4)|  0.000000|  | -1.770219|  | -1.870863|  | -1.874093|  |  0.000000|  |  0.000000|   
(5,5)|  0.000000|  | -1.833681|  |  0.000000|  | -1.863313|  | 11.573858|  |  0.000000|   
qtable for x=1 with PEXPLOIT and steps 5800
          S             N             E             W             P             D    
(1,1)| -1.754577|  |  0.000000|  | -1.767387|  |  0.000000|  |  0.000000|  |  0.000000|   
(1,2)| -1.649485|  |  0.000000|  | -1.660778|  | -1.651507|  |  0.000000|  |  0.000000|   
(1,3)| -1.571540|  |  0.000000|  | -1.585712|  | -1.604259|  |  0.000000|  |  0.000000|   
(1,4)| -1.450927|  |  0.000000|  | -1.531338|  | -1.538438|  |  0.000000|  |  0.000000|   
(1,5)| -1.605311|  |  0.000000|  |  0.000000|  | -1.350776|  |  0.000000|  |  0.000000|   
(2,1)| -1.288620|  | -1.734798|  | -1.678693|  |  0.000000|  |  0.000000|  |  0.000000|   
(2,2)| -1.517760|  | -1.588478|  | -1.520769|  | -1.559119|  |  0.000000|  |  0.000000|   
(2,3)| -1.482066|  | -1.555509|  | -1.480068|  | -1.503693|  |  0.000000|  |  0.000000|   
(2,4)| -1.402543|  | -1.460920|  | -1.498531|  | -1.519811|  |  0.000000|  |  0.000000|   
(2,5)| -1.546272|  | -1.499213|  |  0.000000|  | -1.537883|  |  0.000000|  |  0.000000|   
(3,1)|  0.728791|  | -1.476134|  | -1.518642|  |  0.000000|  |  0.000000|  |  0.000000|   
(3,2)| -1.347364|  | -1.429041|  | -1.418897|  | -1.251356|  |  0.000000|  |  0.000000|   
(3,3)| -1.558826|  | -1.561764|  | -1.553143|  | -1.561846|  |  0.000000|  |  0.000000|   
(3,4)|  0.422089|  | -1.465573|  | -1.427671|  | -1.535166|  |  0.000000|  |  0.000000|   
(3,5)| -1.469977|  | -1.493508|  |  0.000000|  | -1.494994|  |  0.000000|  |  0.000000|   
(4,1)|  5.043596|  | -1.434205|  | -1.254676|  |  0.000000|  |  0.000000|  |  0.000000|   
(4,2)|  0.230498|  | -1.317611|  | -1.173968|  | -1.311506|  |  0.000000|  |  0.000000|   
(4,3)| -1.482598|  | -1.482538|  | -1.465907|  | -1.438164|  |  0.000000|  |  0.000000|   
(4,4)| -1.520661|  | -1.581306|  | -1.493199|  | -1.520395|  |  0.000000|  | 11.239106|   
(4,5)| -1.558927|  | -1.548316|  |  0.000000|  | -1.512447|  |  0.000000|  |  0.000000|   
(5,1)|  0.000000|  | -1.384972|  | -1.343082|  |  0.000000|  |  0.000000|  | 12.158433|   
(5,2)|  0.000000|  | -1.259680|  | -1.412047|  |  4.422864|  |  0.000000|  |  0.000000|   
(5,3)|  0.000000|  | -1.392483|  | -1.459319|  | -0.717144|  |  0.000000|  |  0.000000|   
(5,4)|  0.000000|  | -1.448227|  | -1.439184|  | -1.437134|  |  0.000000|  |  0.000000|   
(5,5)|  0.000000|  | -1.426603|  |  0.000000|  | -1.451962|  |  0.000000|  |  0.000000|   
Pickup blocks left after pExploit for Experiment 3 7
Drop blocks after pExploit for Experiment 3 9
x is 0
STARTED EXPERIMENT 3
Following PRANDOM policy for 200 steps
Q Table for Experiment3 after PRANDOM
qtable for x=0 with PRANDOM and steps 200
          S             N             E             W             P             D    
(1,1)|  0.000000|  |  0.000000|  |  0.000000|  |  0.000000|  |  0.000000|  |  0.000000|   
(1,2)| -0.300000|  |  0.000000|  |  0.000000|  |  0.000000|  |  0.000000|  |  0.000000|   
(1,3)| -0.741414|  |  0.000000|  | -1.133541|  | -0.300000|  |  0.000000|  |  0.000000|   
(1,4)| -0.930096|  |  0.000000|  | -0.656728|  | -0.997489|  |  0.000000|  |  0.000000|   
(1,5)| -0.300000|  |  0.000000|  |  0.000000|  | -0.768189|  |  0.000000|  |  0.000000|   
(2,1)| -0.300000|  |  0.000000|  | -0.300000|  |  0.000000|  |  0.000000|  |  0.000000|   
(2,2)|  0.000000|  |  0.000000|  | -0.616583|  | -0.300000|  |  0.000000|  |  0.000000|   
(2,3)|  0.000000|  | -0.956720|  | -0.562762|  | -0.300000|  |  0.000000|  |  0.000000|   
(2,4)| -0.741414|  | -0.664282|  |  0.000000|  | -0.702000|  |  0.000000|  |  0.000000|   
(2,5)| -0.345000|  | -0.376500|  |  0.000000|  |  0.000000|  |  0.000000|  |  0.000000|   
(3,1)|  0.000000|  | -0.300000|  |  0.000000|  |  0.000000|  |  0.000000|  |  0.000000|   
(3,2)|  0.000000|  |  0.000000|  |  0.240000|  |  0.000000|  |  0.000000|  |  0.000000|   
(3,3)|  0.000000|  |  0.000000|  |  0.000000|  |  0.000000|  |  7.807500|  |  0.000000|   
(3,4)| -0.300000|  | -0.562762|  | -0.300000|  |  0.000000|  |  0.000000|  |  0.000000|   
(3,5)| -0.300000|  | -0.300000|  |  0.000000|  |  0.000000|  |  0.000000|  |  0.000000|   
(4,1)|  0.000000|  |  0.000000|  |  0.000000|  |  0.000000|  |  3.555000|  |  0.000000|   
(4,2)| -0.300000|  | -0.300000|  | -0.300000|  |  0.000000|  |  0.000000|  |  0.000000|   
(4,3)| -0.599139|  |  0.408000|  |  0.000000|  |  0.000000|  |  0.000000|  |  0.000000|   
(4,4)| -0.300000|  | -0.300000|  |  0.000000|  | -0.300000|  |  0.000000|  |  0.000000|   
(4,5)|  0.000000|  |  0.000000|  |  0.000000|  | -0.300000|  |  0.000000|  |  0.000000|   
(5,1)|  0.000000|  | -0.300000|  | -0.708750|  |  0.000000|  |  0.000000|  |  0.000000|   
(5,2)|  0.000000|  | -0.657000|  | -0.300000|  | -0.345000|  |  0.000000|  |  0.000000|   
(5,3)|  0.000000|  | -0.591934|  | -0.345000|  | -0.345000|  |  0.000000|  |  0.000000|   
(5,4)|  0.000000|  |  0.000000|  | -0.300000|  | -0.351750|  |  0.000000|  |  0.000000|   
(5,5)|  0.000000|  |  0.000000|  |  0.000000|  |  0.000000|  |  3.600000|  |  0.000000|   
qtable for x=1 with PRANDOM and steps 200
          S             N             E             W             P             D    
(1,1)| -0.345000|  |  0.000000|  | -0.867900|  |  0.000000|  |  0.000000|  |  0.000000|   
(1,2)| -0.775710|  |  0.000000|  | -0.510000|  | -0.784350|  |  0.000000|  |  0.000000|   
(1,3)| -0.571504|  |  0.000000|  | -0.300000|  |  0.000000|  |  0.000000|  |  0.000000|   
(1,4)| -0.376500|  |  0.000000|  |  0.000000|  | -0.345000|  |  0.000000|  |  0.000000|   
(1,5)| -0.648083|  |  0.000000|  |  0.000000|  |  0.000000|  |  0.000000|  |  0.000000|   
(2,1)| -0.657000|  | -0.561750|  | -0.607729|  |  0.000000|  |  0.000000|  |  0.000000|   
(2,2)| -0.387975|  | -0.836400|  | -0.598053|  | -0.376500|  |  0.000000|  |  0.000000|   
(2,3)| -0.587018|  |  0.000000|  | -0.744975|  | -0.345000|  |  0.000000|  |  0.000000|   
(2,4)| -0.709914|  | -0.351750|  | -0.841125|  | -0.345000|  |  0.000000|  |  0.000000|   
(2,5)| -0.345000|  | -0.510000|  |  0.000000|  | -0.927435|  |  0.000000|  |  0.000000|   
(3,1)| -0.445650|  | -0.960316|  | -0.407021|  |  0.000000|  |  0.000000|  |  0.000000|   
(3,2)| -0.713475|  | -0.586500|  |  0.000000|  | -0.889938|  |  0.000000|  |  0.000000|   
(3,3)|  0.000000|  | -0.300000|  |  0.000000|  | -0.957390|  |  0.000000|  |  0.000000|   
(3,4)|  0.000000|  | -0.352763|  | -0.352763|  | -0.422018|  |  0.000000|  |  0.000000|   
(3,5)| -0.591225|  | -0.597975|  |  0.000000|  |  0.000000|  |  0.000000|  |  0.000000|   
(4,1)|  0.639000|  | -0.300000|  | -0.300000|  |  0.000000|  |  0.000000|  |  0.000000|   
(4,2)| -0.300000|  | -0.608550|  | -0.300000|  | -0.510000|  |  0.000000|  |  0.000000|   
(4,3)|  0.000000|  |  0.000000|  |  0.000000|  | -0.345000|  |  0.000000|  |  0.000000|   
(4,4)|  0.000000|  |  0.000000|  |  0.000000|  |  0.000000|  |  0.000000|  |  3.555000|   
(4,5)| -0.345000|  | -0.555000|  |  0.000000|  | -0.300000|  |  0.000000|  |  0.000000|   
(5,1)|  0.000000|  |  0.000000|  |  0.000000|  |  0.000000|  |  0.000000|  |  7.839000|   
(5,2)|  0.000000|  | -0.300000|  | -0.300000|  |  0.000000|  |  0.000000|  |  0.000000|   
(5,3)|  0.000000|  |  0.000000|  |  0.000000|  | -0.300000|  |  0.000000|  |  0.000000|   
(5,4)|  0.000000|  |  0.000000|  | -0.345000|  |  0.000000|  |  0.000000|  |  0.000000|   
(5,5)|  0.000000|  | -0.510000|  |  0.000000|  | -0.300000|  |  0.000000|  |  0.000000|   
Pickup blocks left after PRANDOM for Experiment 3 11
Drop blocks after PRANDOM for Experiment 3 4
x is 1
Following PEXPLOIT policy for 5800 steps
Q Table for Experiment 3 after PEXPLOIT
qtable for x=0 with PEXPLOIT and steps 5800
          S             N             E             W             P             D    
(1,1)| -1.940339|  |  0.000000|  | -1.943186|  |  0.000000|  | 11.343369|  |  0.000000|   
(1,2)| -1.938883|  |  0.000000|  | -1.931101|  | -1.929567|  |  0.000000|  |  0.000000|   
(1,3)| -1.927890|  |  0.000000|  | -1.923849|  | -1.934224|  |  0.000000|  |  0.000000|   
(1,4)| -1.925420|  |  0.000000|  | -1.921168|  | -1.922316|  |  0.000000|  |  0.000000|   
(1,5)| -1.938563|  |  0.000000|  |  0.000000|  | -1.942340|  |  0.000000|  |  0.000000|   
(2,1)| -1.941723|  | -1.945280|  | -1.940499|  |  0.000000|  |  0.000000|  |  0.000000|   
(2,2)| -1.939931|  | -1.939623|  | -1.930939|  | -1.938182|  |  0.000000|  |  0.000000|   
(2,3)| -1.936219|  | -1.931502|  | -1.937629|  | -1.933224|  |  0.000000|  |  0.000000|   
(2,4)| -1.392057|  | -1.928962|  | -1.919132|  | -1.922928|  |  0.000000|  |  0.000000|   
(2,5)| -1.909685|  | -1.926516|  |  0.000000|  | -1.913376|  |  0.000000|  |  0.000000|   
(3,1)| -1.936547|  | -1.944782|  | -1.941382|  |  0.000000|  |  0.000000|  |  0.000000|   
(3,2)| -1.923314|  | -1.928518|  | -1.912374|  | -1.927081|  |  0.000000|  |  0.000000|   
(3,3)| -1.713585|  | -1.941432|  | -1.940532|  | -1.942593|  | 12.356538|  |  0.000000|   
(3,4)| -1.936955|  | -1.931170|  | -1.938379|  |  0.581488|  |  0.000000|  |  0.000000|   
(3,5)| -1.930114|  | -1.921273|  |  0.000000|  | -1.587684|  |  0.000000|  |  0.000000|   
(4,1)| -1.937732|  | -1.940868|  | -1.933658|  |  0.000000|  | 13.757212|  |  0.000000|   
(4,2)| -1.934718|  | -1.915907|  | -1.914947|  | -1.913966|  |  0.000000|  |  0.000000|   
(4,3)| -1.938279|  | -1.669904|  | -1.840783|  | -1.922928|  |  0.000000|  |  0.000000|   
(4,4)| -1.322600|  | -1.939048|  | -1.952029|  | -1.794099|  |  0.000000|  |  0.000000|   
(4,5)| -1.938718|  | -1.934221|  |  0.000000|  | -1.811280|  |  0.000000|  |  0.000000|   
(5,1)|  0.000000|  | -1.938466|  | -1.934973|  |  0.000000|  |  0.000000|  |  0.000000|   
(5,2)|  0.000000|  | -1.927356|  | -1.939603|  | -1.941066|  |  0.000000|  |  0.000000|   
(5,3)|  0.000000|  | -1.190843|  | -1.906527|  | -1.940411|  |  0.000000|  |  0.000000|   
(5,4)|  0.000000|  | -1.947752|  | -1.890835|  | -1.885039|  |  0.000000|  |  0.000000|   
(5,5)|  0.000000|  | -1.952970|  |  0.000000|  | -1.931238|  | 12.190816|  |  0.000000|   
qtable for x=1 with PEXPLOIT and steps 5800
          S             N             E             W             P             D    
(1,1)| -1.208252|  |  0.000000|  | -1.760686|  |  0.000000|  |  0.000000|  |  0.000000|   
(1,2)| -1.597294|  |  0.000000|  | -1.584995|  | -1.646959|  |  0.000000|  |  0.000000|   
(1,3)| -1.473047|  |  0.000000|  | -1.443723|  | -1.487894|  |  0.000000|  |  0.000000|   
(1,4)| -1.293828|  |  0.000000|  | -1.374213|  | -1.406476|  |  0.000000|  |  0.000000|   
(1,5)| -1.287150|  |  0.000000|  |  0.000000|  | -1.342359|  |  0.000000|  |  0.000000|   
(2,1)| -0.670816|  | -1.582303|  | -1.510810|  |  0.000000|  |  0.000000|  |  0.000000|   
(2,2)| -1.347092|  | -1.477021|  | -1.437202|  | -1.363319|  |  0.000000|  |  0.000000|   
(2,3)| -0.756363|  | -1.369419|  | -1.268134|  | -1.320614|  |  0.000000|  |  0.000000|   
(2,4)| -0.952904|  | -1.247472|  | -1.215488|  | -1.152773|  |  0.000000|  |  0.000000|   
(2,5)| -1.079887|  | -1.208096|  |  0.000000|  | -1.171391|  |  0.000000|  |  0.000000|   
(3,1)|  1.578270|  | -1.121836|  | -1.275727|  |  0.000000|  |  0.000000|  |  0.000000|   
(3,2)| -0.981265|  | -1.204869|  | -0.990401|  | -1.028223|  |  0.000000|  |  0.000000|   
(3,3)|  1.099004|  | -1.438512|  | -1.009956|  | -1.281220|  |  0.000000|  |  0.000000|   
(3,4)| -0.929321|  | -1.147177|  | -0.975396|  | -0.975103|  |  0.000000|  |  0.000000|   
(3,5)| -0.882950|  | -1.031894|  |  0.000000|  | -0.680105|  |  0.000000|  |  0.000000|   
(4,1)|  5.171909|  | -0.577331|  | -0.414207|  |  0.000000|  |  0.000000|  |  0.000000|   
(4,2)|  0.197706|  | -0.857375|  | -0.567660|  |  1.510624|  |  0.000000|  |  0.000000|   
(4,3)| -0.690316|  | -1.153051|  |  4.690767|  | -0.799661|  |  0.000000|  |  0.000000|   
(4,4)| -0.920545|  | -1.046693|  | -1.004745|  | -1.102528|  |  0.000000|  | 11.659740|   
(4,5)| -0.801499|  | -0.907110|  |  0.000000|  |  4.370076|  |  0.000000|  |  0.000000|   
(5,1)|  0.000000|  | -0.244399|  | -0.060502|  |  0.000000|  |  0.000000|  | 11.922182|   
(5,2)|  0.000000|  | -0.300000|  | -0.353689|  |  0.839759|  |  0.000000|  |  0.000000|   
(5,3)|  0.000000|  | -0.217466|  |  1.138953|  | -0.132128|  |  0.000000|  |  0.000000|   
(5,4)|  0.000000|  |  4.484465|  | -0.698639|  | -0.690324|  |  0.000000|  |  0.000000|   
(5,5)|  0.000000|  | -0.011717|  |  0.000000|  | -0.237571|  |  0.000000|  |  0.000000|   
Pickup blocks left after pExploit for Experiment 3 8
Drop blocks after pExploit for Experiment 3 8
x is 0
