STARTED EXPERIMENT 1


Following PRANDOM policy for 3000 steps
Q Table for Experiment 1 after PRANDOM
qtable for x=0 with PRANDOM and steps 3000
          S             N             E             W             P             D    
(1,1)|  0.000000|  |  0.000000|  |  0.000000|  |  0.000000|  | 11.159509|  |  0.000000|   
(1,2)| -0.802226|  |  0.000000|  | -1.018296|  |  3.381538|  |  0.000000|  |  0.000000|   
(1,3)| -1.258024|  |  0.000000|  | -1.501372|  |  0.066469|  |  0.000000|  |  0.000000|   
(1,4)| -1.531871|  |  0.000000|  | -1.593917|  | -1.085932|  |  0.000000|  |  0.000000|   
(1,5)| -1.562249|  |  0.000000|  |  0.000000|  | -1.560441|  |  0.000000|  |  0.000000|   
(2,1)| -0.946911|  |  3.451554|  | -0.967422|  |  0.000000|  |  0.000000|  |  0.000000|   
(2,2)| -1.093943|  |  0.318742|  | -1.142155|  | -0.415290|  |  0.000000|  |  0.000000|   
(2,3)| -1.111405|  | -1.120384|  | -1.433777|  | -1.019073|  |  0.000000|  |  0.000000|   
(2,4)| -1.495238|  | -1.554785|  | -1.479977|  | -1.261788|  |  0.000000|  |  0.000000|   
(2,5)| -1.162364|  | -1.738742|  |  0.000000|  | -1.567470|  |  0.000000|  |  0.000000|   
(3,1)| -1.194737|  |  0.172342|  | -1.016379|  |  0.000000|  |  0.000000|  |  0.000000|   
(3,2)| -0.702927|  | -1.084000|  | -1.056828|  | -1.036110|  |  0.000000|  |  0.000000|   
(3,3)| -0.740056|  | -1.245369|  | -1.508528|  | -1.261464|  | 11.660426|  |  0.000000|   
(3,4)| -1.051669|  | -1.554241|  | -1.282601|  | -1.148487|  |  0.000000|  |  0.000000|   
(3,5)| -0.601096|  | -1.559873|  |  0.000000|  | -1.405408|  |  0.000000|  |  0.000000|   
(4,1)| -1.529293|  | -1.128826|  | -0.696377|  |  0.000000|  | 13.975584|  |  0.000000|   
(4,2)| -1.196846|  | -1.241072|  | -0.287938|  |  0.883520|  |  0.000000|  |  0.000000|   
(4,3)| -1.160115|  | -0.258208|  | -1.066723|  | -0.520000|  |  0.000000|  |  0.000000|   
(4,4)| -1.338207|  | -1.431959|  | -1.001752|  | -0.150862|  |  0.000000|  |  0.000000|   
(4,5)| -0.682530|  | -1.188979|  |  0.000000|  | -1.062040|  |  0.000000|  |  0.000000|   
(5,1)|  0.000000|  |  0.052958|  | -1.163947|  |  0.000000|  |  0.000000|  |  0.000000|   
(5,2)|  0.000000|  | -0.492250|  | -1.152804|  | -1.162950|  |  0.000000|  |  0.000000|   
(5,3)|  0.000000|  | -0.655038|  | -1.392187|  | -1.182530|  |  0.000000|  |  0.000000|   
(5,4)|  0.000000|  | -1.076121|  | -0.830526|  | -1.217262|  |  0.000000|  |  0.000000|   
(5,5)|  0.000000|  | -0.878487|  |  0.000000|  | -1.321186|  | 11.386600|  |  0.000000|   
qtable for x=1 with PRANDOM and steps 3000
          S             N             E             W             P             D    
(1,1)| -1.331065|  |  0.000000|  | -1.820641|  |  0.000000|  |  0.000000|  |  0.000000|   
(1,2)| -1.628487|  |  0.000000|  | -1.743540|  | -1.708097|  |  0.000000|  |  0.000000|   
(1,3)| -1.528299|  |  0.000000|  | -1.530084|  | -1.801913|  |  0.000000|  |  0.000000|   
(1,4)| -1.042297|  |  0.000000|  | -1.480026|  | -1.710309|  |  0.000000|  |  0.000000|   
(1,5)| -1.277585|  |  0.000000|  |  0.000000|  | -1.497591|  |  0.000000|  |  0.000000|   
(2,1)| -0.476775|  | -1.697743|  | -1.634783|  |  0.000000|  |  0.000000|  |  0.000000|   
(2,2)| -1.230646|  | -1.815927|  | -1.508187|  | -1.298088|  |  0.000000|  |  0.000000|   
(2,3)| -1.085222|  | -1.751226|  | -0.993571|  | -1.646087|  |  0.000000|  |  0.000000|   
(2,4)| -0.194000|  | -1.513182|  | -1.456597|  | -1.513652|  |  0.000000|  |  0.000000|   
(2,5)| -1.026211|  | -1.355690|  |  0.000000|  | -0.918200|  |  0.000000|  |  0.000000|   
(3,1)|  1.252149|  | -1.287904|  | -1.275218|  |  0.000000|  |  0.000000|  |  0.000000|   
(3,2)| -0.410223|  | -1.649787|  | -1.165796|  | -0.541791|  |  0.000000|  |  0.000000|   
(3,3)| -0.753395|  | -1.536639|  |  0.131304|  | -1.254081|  |  0.000000|  |  0.000000|   
(3,4)|  0.302727|  | -1.075552|  | -0.957403|  | -1.100096|  |  0.000000|  |  0.000000|   
(3,5)| -1.023372|  | -1.437906|  |  0.000000|  |  0.237422|  |  0.000000|  |  0.000000|   
(4,1)|  4.768350|  | -0.503943|  | -0.548749|  |  0.000000|  |  0.000000|  |  0.000000|   
(4,2)|  0.920244|  | -1.260447|  | -1.020094|  |  1.241411|  |  0.000000|  |  0.000000|   
(4,3)| -0.998547|  | -1.052824|  |  2.246275|  | -0.532199|  |  0.000000|  |  0.000000|   
(4,4)| -1.243915|  | -0.627954|  | -0.999135|  | -0.480565|  |  0.000000|  | 11.815448|   
(4,5)| -1.383655|  | -1.078449|  |  0.000000|  |  0.167471|  |  0.000000|  |  0.000000|   
(5,1)|  0.000000|  |  0.000000|  |  0.000000|  |  0.000000|  |  0.000000|  | 11.932889|   
(5,2)|  0.000000|  | -0.743725|  | -1.138873|  |  4.675658|  |  0.000000|  |  0.000000|   
(5,3)|  0.000000|  | -0.746474|  | -1.116618|  |  0.507844|  |  0.000000|  |  0.000000|   
(5,4)|  0.000000|  |  0.880424|  | -1.375253|  | -1.064193|  |  0.000000|  |  0.000000|   
(5,5)|  0.000000|  | -0.733158|  |  0.000000|  | -0.959542|  |  0.000000|  |  0.000000|   
Pickup blocks left after PRANDOM for Experiment1 0
Drop blocks after PRANDOM 15
Agent carrying 1
Following PGREEDY policy for 3000 steps
Q Table for Experiment 1 after PGREEDY
qtable for x=0 with PGREEDY and steps 3000
          S             N             E             W             P             D    
(1,1)| -1.874666|  |  0.000000|  | -1.870359|  |  0.000000|  | 11.454085|  |  0.000000|   
(1,2)| -1.740676|  |  0.000000|  | -1.863257|  | -1.858052|  |  0.000000|  |  0.000000|   
(1,3)| -1.857211|  |  0.000000|  | -1.848698|  | -1.860518|  |  0.000000|  |  0.000000|   
(1,4)| -1.881230|  |  0.000000|  | -1.869742|  | -1.868338|  |  0.000000|  |  0.000000|   
(1,5)| -1.890692|  |  0.000000|  |  0.000000|  | -1.895438|  |  0.000000|  |  0.000000|   
(2,1)| -1.896116|  |  0.101489|  | -1.880989|  |  0.000000|  |  0.000000|  |  0.000000|   
(2,2)| -1.854196|  | -1.700440|  | -1.862227|  | -1.864152|  |  0.000000|  |  0.000000|   
(2,3)| -1.861909|  | -1.860817|  | -1.873574|  | -1.309904|  |  0.000000|  |  0.000000|   
(2,4)| -1.879214|  | -1.868324|  | -1.885445|  | -1.871525|  |  0.000000|  |  0.000000|   
(2,5)| -1.888973|  | -1.882512|  |  0.000000|  | -1.871928|  |  0.000000|  |  0.000000|   
(3,1)| -1.919734|  | -1.915862|  | -1.910044|  |  0.000000|  |  0.000000|  |  0.000000|   
(3,2)| -1.900050|  | -1.615415|  | -1.897814|  | -1.892434|  |  0.000000|  |  0.000000|   
(3,3)| -1.902046|  | -1.834271|  | -1.894873|  | -1.898664|  | 12.669602|  |  0.000000|   
(3,4)| -1.889532|  | -1.880566|  | -1.874785|  | -0.037920|  |  0.000000|  |  0.000000|   
(3,5)| -1.893255|  | -1.894078|  |  0.000000|  | -1.578752|  |  0.000000|  |  0.000000|   
(4,1)| -1.933328|  | -1.935379|  | -1.940929|  |  0.000000|  | 14.550154|  |  0.000000|   
(4,2)| -1.922037|  | -1.922116|  | -1.930688|  | -1.930732|  |  0.000000|  |  0.000000|   
(4,3)| -1.914520|  | -1.917018|  | -1.674456|  | -1.918204|  |  0.000000|  |  0.000000|   
(4,4)| -1.905586|  | -0.355165|  | -1.910488|  | -1.912235|  |  0.000000|  |  0.000000|   
(4,5)| -1.892476|  | -1.903973|  |  0.000000|  | -1.899794|  |  0.000000|  |  0.000000|   
(5,1)|  0.000000|  | -1.950796|  | -1.947049|  |  0.000000|  |  0.000000|  |  0.000000|   
(5,2)|  0.000000|  | -1.931701|  | -1.929503|  | -1.933117|  |  0.000000|  |  0.000000|   
(5,3)|  0.000000|  | -1.919673|  | -1.910058|  | -1.914346|  |  0.000000|  |  0.000000|   
(5,4)|  0.000000|  | -1.896557|  |  0.281066|  | -1.896636|  |  0.000000|  |  0.000000|   
(5,5)|  0.000000|  | -1.898254|  |  0.000000|  | -1.883000|  | 12.676622|  |  0.000000|   
qtable for x=1 with PGREEDY and steps 3000
          S             N             E             W             P             D    
(1,1)| -1.087079|  |  0.000000|  | -1.820641|  |  0.000000|  |  0.000000|  |  0.000000|   
(1,2)| -1.628487|  |  0.000000|  | -1.743540|  | -1.708097|  |  0.000000|  |  0.000000|   
(1,3)| -1.528299|  |  0.000000|  | -1.530084|  | -1.801913|  |  0.000000|  |  0.000000|   
(1,4)| -1.042297|  |  0.000000|  | -1.480026|  | -1.710309|  |  0.000000|  |  0.000000|   
(1,5)| -1.277585|  |  0.000000|  |  0.000000|  | -1.497591|  |  0.000000|  |  0.000000|   
(2,1)| -0.176615|  | -1.697743|  | -1.634783|  |  0.000000|  |  0.000000|  |  0.000000|   
(2,2)| -1.230646|  | -1.815927|  | -1.508187|  | -1.298088|  |  0.000000|  |  0.000000|   
(2,3)| -1.085222|  | -1.751226|  | -0.993571|  | -1.646087|  |  0.000000|  |  0.000000|   
(2,4)| -0.194000|  | -1.513182|  | -1.456597|  | -1.513652|  |  0.000000|  |  0.000000|   
(2,5)| -1.026211|  | -1.355690|  |  0.000000|  | -0.918200|  |  0.000000|  |  0.000000|   
(3,1)|  1.590168|  | -1.287904|  | -1.275218|  |  0.000000|  |  0.000000|  |  0.000000|   
(3,2)| -0.410223|  | -1.649787|  | -1.165796|  | -0.541791|  |  0.000000|  |  0.000000|   
(3,3)| -0.753395|  | -1.536639|  |  1.339712|  | -1.254081|  |  0.000000|  |  0.000000|   
(3,4)|  4.654856|  | -1.075552|  | -0.957403|  | -1.100096|  |  0.000000|  |  0.000000|   
(3,5)| -1.023372|  | -1.437906|  |  0.000000|  |  0.237422|  |  0.000000|  |  0.000000|   
(4,1)|  5.029018|  | -0.503943|  | -0.548749|  |  0.000000|  |  0.000000|  |  0.000000|   
(4,2)|  0.920244|  | -1.260447|  | -1.020094|  |  1.284240|  |  0.000000|  |  0.000000|   
(4,3)| -0.998547|  | -1.052824|  | -0.674126|  | -0.486328|  |  0.000000|  |  0.000000|   
(4,4)| -1.243915|  | -0.913515|  | -0.999135|  | -0.934376|  |  0.000000|  | 11.501037|   
(4,5)| -1.383655|  | -1.078449|  |  0.000000|  |  4.692149|  |  0.000000|  |  0.000000|   
(5,1)|  0.000000|  |  0.000000|  |  0.000000|  |  0.000000|  |  0.000000|  | 11.573244|   
(5,2)|  0.000000|  | -0.743725|  | -1.138873|  |  4.675658|  |  0.000000|  |  0.000000|   
(5,3)|  0.000000|  | -0.746474|  | -1.116618|  |  0.507844|  |  0.000000|  |  0.000000|   
(5,4)|  0.000000|  |  0.880424|  | -1.375253|  | -1.064193|  |  0.000000|  |  0.000000|   
(5,5)|  0.000000|  |  1.355743|  |  0.000000|  | -0.959542|  |  0.000000|  |  0.000000|   
Pickup blocks left after PGREEDY for Experiment1 3
Drop blocks after PGREEDY for Experiment1 13
Agent carrying 0
STARTED EXPERIMENT 1


Following PRANDOM policy for 3000 steps
Q Table for Experiment 1 after PRANDOM
qtable for x=0 with PRANDOM and steps 3000
          S             N             E             W             P             D    
(1,1)|  0.078606|  |  0.000000|  | -0.132153|  |  0.000000|  | 11.201844|  |  0.000000|   
(1,2)| -1.157682|  |  0.000000|  | -1.202084|  |  1.118979|  |  0.000000|  |  0.000000|   
(1,3)| -1.103679|  |  0.000000|  | -1.553158|  | -0.380712|  |  0.000000|  |  0.000000|   
(1,4)| -1.436984|  |  0.000000|  | -1.705090|  | -1.252960|  |  0.000000|  |  0.000000|   
(1,5)| -1.569035|  |  0.000000|  |  0.000000|  | -1.623877|  |  0.000000|  |  0.000000|   
(2,1)| -0.686604|  |  2.524042|  | -0.921150|  |  0.000000|  |  0.000000|  |  0.000000|   
(2,2)| -1.253402|  | -0.259084|  | -0.693848|  |  0.387440|  |  0.000000|  |  0.000000|   
(2,3)|  0.813142|  | -1.297182|  | -1.462007|  | -1.172419|  |  0.000000|  |  0.000000|   
(2,4)| -1.286819|  | -1.620236|  | -1.573671|  | -1.264503|  |  0.000000|  |  0.000000|   
(2,5)| -1.222479|  | -1.640705|  |  0.000000|  | -1.528814|  |  0.000000|  |  0.000000|   
(3,1)| -1.338692|  |  0.847525|  | -1.274507|  |  0.000000|  |  0.000000|  |  0.000000|   
(3,2)| -1.256036|  | -1.166552|  | -1.195961|  | -0.863530|  |  0.000000|  |  0.000000|   
(3,3)| -0.790567|  | -0.698487|  | -1.197335|  | -1.343319|  | 11.632865|  |  0.000000|   
(3,4)| -1.219015|  | -1.569041|  | -1.227260|  | -0.660208|  |  0.000000|  |  0.000000|   
(3,5)| -0.068934|  | -1.597369|  |  0.000000|  | -1.253733|  |  0.000000|  |  0.000000|   
(4,1)| -1.438596|  | -0.799381|  | -1.383040|  |  0.000000|  | 14.125199|  |  0.000000|   
(4,2)| -1.494228|  | -1.422923|  | -0.815460|  | -1.371172|  |  0.000000|  |  0.000000|   
(4,3)| -1.412638|  |  0.285665|  | -1.200297|  | -1.347895|  |  0.000000|  |  0.000000|   
(4,4)| -1.070412|  | -1.360521|  | -0.344837|  | -0.823840|  |  0.000000|  |  0.000000|   
(4,5)|  3.071281|  | -1.261911|  |  0.000000|  | -1.169575|  |  0.000000|  |  0.000000|   
(5,1)|  0.000000|  | -1.266251|  | -1.325321|  |  0.000000|  |  0.000000|  |  0.000000|   
(5,2)|  0.000000|  | -1.386943|  | -1.366037|  | -0.914505|  |  0.000000|  |  0.000000|   
(5,3)|  0.000000|  | -0.852606|  | -1.090976|  | -1.354655|  |  0.000000|  |  0.000000|   
(5,4)|  0.000000|  | -1.157929|  |  0.556205|  | -1.367334|  |  0.000000|  |  0.000000|   
(5,5)|  0.000000|  | -0.639560|  |  0.000000|  | -1.183040|  | 11.441767|  |  0.000000|   
qtable for x=1 with PRANDOM and steps 3000
          S             N             E             W             P             D    
(1,1)| -1.190571|  |  0.000000|  | -1.793368|  |  0.000000|  |  0.000000|  |  0.000000|   
(1,2)| -1.617891|  |  0.000000|  | -1.751689|  | -1.619724|  |  0.000000|  |  0.000000|   
(1,3)| -1.517765|  |  0.000000|  | -1.522510|  | -1.812393|  |  0.000000|  |  0.000000|   
(1,4)| -1.023108|  |  0.000000|  | -1.739254|  | -1.750197|  |  0.000000|  |  0.000000|   
(1,5)| -1.489603|  |  0.000000|  |  0.000000|  | -1.521637|  |  0.000000|  |  0.000000|   
(2,1)| -0.291668|  | -1.627272|  | -1.625015|  |  0.000000|  |  0.000000|  |  0.000000|   
(2,2)| -1.209001|  | -1.815530|  | -1.521504|  | -1.195098|  |  0.000000|  |  0.000000|   
(2,3)| -1.030044|  | -1.753881|  | -1.041560|  | -1.614898|  |  0.000000|  |  0.000000|   
(2,4)| -0.113226|  | -1.531804|  | -1.496674|  | -1.520275|  |  0.000000|  |  0.000000|   
(2,5)| -1.218475|  | -1.742708|  |  0.000000|  | -0.998224|  |  0.000000|  |  0.000000|   
(3,1)|  1.531343|  | -1.205211|  | -1.324585|  |  0.000000|  |  0.000000|  |  0.000000|   
(3,2)| -0.404332|  | -1.633796|  | -1.010424|  | -0.339227|  |  0.000000|  |  0.000000|   
(3,3)| -0.493711|  | -1.509535|  |  0.097658|  | -1.241190|  |  0.000000|  |  0.000000|   
(3,4)|  0.782214|  | -1.044717|  | -1.186116|  | -1.006565|  |  0.000000|  |  0.000000|   
(3,5)| -0.534021|  | -1.498036|  |  0.000000|  | -0.351284|  |  0.000000|  |  0.000000|   
(4,1)|  5.329234|  | -0.415487|  | -0.326585|  |  0.000000|  |  0.000000|  |  0.000000|   
(4,2)|  0.793862|  | -1.224966|  | -0.643420|  |  1.485279|  |  0.000000|  |  0.000000|   
(4,3)| -1.027892|  | -0.976182|  |  0.318073|  | -0.359645|  |  0.000000|  |  0.000000|   
(4,4)| -1.283663|  | -0.184914|  | -0.698597|  | -0.711979|  |  0.000000|  | 11.734336|   
(4,5)| -1.250262|  | -1.123026|  |  0.000000|  |  0.865540|  |  0.000000|  |  0.000000|   
(5,1)|  0.000000|  |  0.000000|  |  0.000000|  |  0.000000|  |  0.000000|  | 12.545911|   
(5,2)|  0.000000|  | -0.469615|  | -0.887075|  |  4.155831|  |  0.000000|  |  0.000000|   
(5,3)|  0.000000|  | -0.258339|  | -1.353919|  |  0.488330|  |  0.000000|  |  0.000000|   
(5,4)|  0.000000|  | -0.992609|  | -1.242738|  | -0.840923|  |  0.000000|  |  0.000000|   
(5,5)|  0.000000|  | -0.511204|  |  0.000000|  | -1.326615|  |  0.000000|  |  0.000000|   
Pickup blocks left after PRANDOM for Experiment1 0
Drop blocks after PRANDOM 15
Agent carrying 1
Following PGREEDY policy for 3000 steps
Q Table for Experiment 1 after PGREEDY
qtable for x=0 with PGREEDY and steps 3000
          S             N             E             W             P             D    
(1,1)| -1.821904|  |  0.000000|  | -1.842670|  |  0.000000|  | 11.455489|  |  0.000000|   
(1,2)| -1.824421|  |  0.000000|  | -1.845151|  | -1.841529|  |  0.000000|  |  0.000000|   
(1,3)| -1.813559|  |  0.000000|  | -1.832868|  | -1.821111|  |  0.000000|  |  0.000000|   
(1,4)| -1.836964|  |  0.000000|  | -1.830220|  | -1.845904|  |  0.000000|  |  0.000000|   
(1,5)| -1.859100|  |  0.000000|  |  0.000000|  | -1.844361|  |  0.000000|  |  0.000000|   
(2,1)| -1.817662|  | -1.824142|  | -1.799055|  |  0.000000|  |  0.000000|  |  0.000000|   
(2,2)| -1.808033|  | -1.816166|  | -1.810815|  | -1.812916|  |  0.000000|  |  0.000000|   
(2,3)| -1.828446|  | -1.818706|  | -1.802760|  | -1.809196|  |  0.000000|  |  0.000000|   
(2,4)| -1.814740|  | -1.840129|  | -1.837743|  | -1.820302|  |  0.000000|  |  0.000000|   
(2,5)| -1.821866|  | -1.844519|  |  0.000000|  | -1.841170|  |  0.000000|  |  0.000000|   
(3,1)| -1.813502|  | -1.821906|  | -1.819565|  |  0.000000|  |  0.000000|  |  0.000000|   
(3,2)| -1.833763|  | -1.829994|  | -1.814784|  | -1.818209|  |  0.000000|  |  0.000000|   
(3,3)| -1.807645|  | -1.831059|  | -1.826648|  | -1.815931|  | 12.682616|  |  0.000000|   
(3,4)| -1.827665|  | -1.844320|  | -1.826751|  | -1.822040|  |  0.000000|  |  0.000000|   
(3,5)| -1.831500|  | -1.807521|  |  0.000000|  | -1.817022|  |  0.000000|  |  0.000000|   
(4,1)| -1.836762|  | -1.624413|  | -1.852703|  |  0.000000|  | 14.553020|  |  0.000000|   
(4,2)| -1.842168|  | -1.851293|  | -1.829995|  | -1.830880|  |  0.000000|  |  0.000000|   
(4,3)| -1.831534|  | -1.832057|  | -1.802771|  | -1.845534|  |  0.000000|  |  0.000000|   
(4,4)| -1.856061|  | -1.830868|  | -1.853234|  | -1.852062|  |  0.000000|  |  0.000000|   
(4,5)| -1.838111|  | -1.829680|  |  0.000000|  | -1.464265|  |  0.000000|  |  0.000000|   
(5,1)|  0.000000|  | -0.402273|  | -1.869294|  |  0.000000|  |  0.000000|  |  0.000000|   
(5,2)|  0.000000|  | -1.840801|  | -1.834038|  | -1.211773|  |  0.000000|  |  0.000000|   
(5,3)|  0.000000|  | -1.849024|  | -1.834229|  | -1.836897|  |  0.000000|  |  0.000000|   
(5,4)|  0.000000|  | -1.871937|  | -1.865295|  | -1.850646|  |  0.000000|  |  0.000000|   
(5,5)|  0.000000|  | -1.852276|  |  0.000000|  | -1.859213|  | 12.676497|  |  0.000000|   
qtable for x=1 with PGREEDY and steps 3000
          S             N             E             W             P             D    
(1,1)| -1.090419|  |  0.000000|  | -1.793368|  |  0.000000|  |  0.000000|  |  0.000000|   
(1,2)| -1.617891|  |  0.000000|  | -1.751689|  | -1.619724|  |  0.000000|  |  0.000000|   
(1,3)| -1.517765|  |  0.000000|  | -1.522510|  | -1.812393|  |  0.000000|  |  0.000000|   
(1,4)| -1.033160|  |  0.000000|  | -1.739254|  | -1.750197|  |  0.000000|  |  0.000000|   
(1,5)| -1.489603|  |  0.000000|  |  0.000000|  | -1.521637|  |  0.000000|  |  0.000000|   
(2,1)| -0.182808|  | -1.627272|  | -1.625015|  |  0.000000|  |  0.000000|  |  0.000000|   
(2,2)| -1.209001|  | -1.815530|  | -1.521504|  | -1.195098|  |  0.000000|  |  0.000000|   
(2,3)| -1.030044|  | -1.753881|  | -1.041560|  | -1.614898|  |  0.000000|  |  0.000000|   
(2,4)| -0.261926|  | -1.531804|  | -1.496674|  | -1.520275|  |  0.000000|  |  0.000000|   
(2,5)| -1.218475|  | -1.742708|  |  0.000000|  | -0.998224|  |  0.000000|  |  0.000000|   
(3,1)|  1.635118|  | -1.205211|  | -1.324585|  |  0.000000|  |  0.000000|  |  0.000000|   
(3,2)| -0.404332|  | -1.633796|  | -1.010424|  | -0.339227|  |  0.000000|  |  0.000000|   
(3,3)| -0.493711|  | -1.509535|  |  1.391749|  | -1.241190|  |  0.000000|  |  0.000000|   
(3,4)|  4.855085|  | -1.044717|  | -1.186116|  | -1.006565|  |  0.000000|  |  0.000000|   
(3,5)| -0.534021|  | -1.498036|  |  0.000000|  | -0.351284|  |  0.000000|  |  0.000000|   
(4,1)|  5.358895|  | -0.415487|  | -0.326585|  |  0.000000|  |  0.000000|  |  0.000000|   
(4,2)|  0.793862|  | -1.224966|  | -0.643420|  |  1.539081|  |  0.000000|  |  0.000000|   
(4,3)| -1.027892|  | -0.976182|  | -0.551754|  | -0.328960|  |  0.000000|  |  0.000000|   
(4,4)| -1.283663|  | -0.981206|  | -0.984775|  | -0.951402|  |  0.000000|  | 11.992557|   
(4,5)| -1.250262|  | -1.123026|  |  0.000000|  |  4.770943|  |  0.000000|  |  0.000000|   
(5,1)|  0.000000|  |  0.000000|  |  0.000000|  |  0.000000|  |  0.000000|  | 12.722169|   
(5,2)|  0.000000|  | -0.469615|  | -0.887075|  |  4.155831|  |  0.000000|  |  0.000000|   
(5,3)|  0.000000|  | -0.258339|  | -1.353919|  |  0.488330|  |  0.000000|  |  0.000000|   
(5,4)|  0.000000|  | -0.992609|  | -1.242738|  | -0.840923|  |  0.000000|  |  0.000000|   
(5,5)|  0.000000|  |  1.353053|  |  0.000000|  | -1.326615|  |  0.000000|  |  0.000000|   
Pickup blocks left after PGREEDY for Experiment1 12
Drop blocks after PGREEDY for Experiment1 4
Agent carrying 0
